00000000
00100000
00000000
00101000
00000000
00110000
01000000
00111000
00000000
00100001
00000000
00101001
00000000
00110001
00000000
00111001
01000000
00100010
00000000
00101010
00000000
00110010
00000000
00111010
00000000
01000001
01000000
01010001
11111100
01011111
00000000
00100011
00000000
00101011
00000000
00110011
00000000
00111011
00000001
01100011
01100000
01010011
00000001
01100011
01100000
01010011
00000001
00100100
00000000
00101100
00000000
00110100
00000000
00111100
00000000
01111000
00000000
00100001
00000000
00101001
00000000
00110001
00000000
00111001
00000000
01001001
01000000
01010001
11111100
01011111
00000001
00001000
